Ticket Key,Injected Version,Opening Version,Fixed Version,Affected Version List,Number of Commits,Creation Date,Resolution Date
AVRO-78,1.0.0,1.1.0,1.1.0,{1.0.0},1,2009-07-15,2009-07-16
AVRO-79,1.0.0,1.1.0,1.1.0,{1.0.0},1,2009-07-18,2009-07-20
AVRO-80,1.0.0,1.1.0,1.3.0,{1.0.0},1,2009-07-20,2009-11-20
AVRO-85,1.0.0,1.1.0,1.1.0,{1.0.0},1,2009-07-28,2009-07-31
AVRO-84,1.0.0,1.1.0,1.1.0,{1.0.0},1,2009-07-28,2009-07-31
AVRO-87,1.0.0,1.1.0,1.1.0,{1.0.0},1,2009-07-31,2009-08-12
AVRO-86,1.0.0,1.1.0,1.4.0,{1.0.0 / 1.1.0},1,2009-07-31,2010-08-25
AVRO-88,1.0.0,1.1.0,1.1.0,{1.0.0},1,2009-08-11,2009-08-18
AVRO-95,1.0.0,1.1.0,1.1.0,{1.0.0},2,2009-08-16,2009-08-18
AVRO-97,1.0.0,1.1.0,1.1.0,{1.0.0},1,2009-08-18,2009-08-18
AVRO-101,1.0.0,1.1.0,1.2.0,{1.0.0 / 1.1.0},1,2009-08-19,2009-09-25
AVRO-104,1.0.0,1.1.0,1.1.0,{1.0.0 / 1.1.0},1,2009-08-20,2009-08-25
AVRO-107,1.0.0,1.1.0,1.1.0,{1.0.0},1,2009-08-27,2009-08-27
AVRO-113,1.0.0,1.1.0,1.2.0,{1.0.0},1,2009-09-08,2009-09-22
AVRO-114,1.0.0,1.1.0,1.1.0,{1.0.0},1,2009-09-11,2009-09-11
AVRO-117,1.0.0,1.2.0,1.2.0,{1.0.0},1,2009-09-21,2009-09-23
AVRO-119,1.1.0,1.2.0,1.2.0,{1.1.0},1,2009-09-22,2009-09-23
AVRO-118,1.1.0,1.2.0,1.2.0,{1.1.0},1,2009-09-22,2009-09-24
AVRO-122,1.1.0,1.2.0,1.2.0,{1.1.0},1,2009-09-24,2009-09-24
AVRO-125,1.1.0,1.2.0,1.2.0,{1.1.0},1,2009-09-25,2009-09-25
AVRO-124,1.1.0,1.2.0,1.2.0,{1.1.0},1,2009-09-25,2009-09-25
AVRO-123,1.1.0,1.2.0,1.2.0,{1.1.0},1,2009-09-25,2009-09-25
AVRO-132,1.0.0,1.2.0,1.2.0,{1.0.0},1,2009-10-02,2009-10-08
AVRO-133,1.0.0,1.2.0,1.2.0,{1.0.0},1,2009-10-05,2009-10-06
AVRO-134,1.0.0,1.2.0,1.2.0,{1.0.0},1,2009-10-05,2009-10-07
AVRO-138,1.0.0,1.2.0,1.2.0,{1.0.0},1,2009-10-07,2009-10-07
AVRO-137,1.0.0,1.2.0,1.2.0,{1.0.0},1,2009-10-07,2009-10-09
AVRO-156,1.1.0,1.3.0,1.3.0,{1.1.0},1,2009-10-20,2009-10-20
AVRO-162,1.1.0,1.3.0,1.3.0,{1.1.0},1,2009-10-20,2009-10-22
AVRO-165,1.1.0,1.3.0,1.3.0,{1.1.0},1,2009-10-21,2009-10-21
AVRO-169,1.1.0,1.3.0,1.3.0,{1.1.0},1,2009-10-23,2009-11-05
AVRO-171,1.2.0,1.3.0,1.3.0,{1.2.0},1,2009-10-24,2009-11-13
AVRO-176,1.1.0,1.3.0,1.3.0,{1.1.0},1,2009-10-29,2009-10-30
AVRO-182,1.1.0,1.3.0,1.3.0,{1.1.0},1,2009-11-05,2009-11-11
AVRO-184,1.1.0,1.3.0,1.3.0,{1.1.0},1,2009-11-06,2009-12-04
AVRO-189,1.1.0,1.3.0,1.3.0,{1.1.0},1,2009-11-10,2009-11-10
AVRO-188,1.1.0,1.3.0,1.3.0,{1.1.0},2,2009-11-10,2009-11-10
AVRO-191,1.1.0,1.3.0,1.3.0,{1.1.0},1,2009-11-11,2009-11-12
AVRO-194,1.1.0,1.3.0,1.3.0,{1.1.0},1,2009-11-12,2009-11-12
AVRO-193,1.1.0,1.3.0,1.3.0,{1.1.0},2,2009-11-12,2009-11-12
AVRO-198,1.2.0,1.3.0,1.3.0,{1.2.0},1,2009-11-15,2010-01-18
AVRO-211,1.1.0,1.3.0,1.3.0,{1.1.0},1,2009-11-18,2009-11-19
AVRO-210,1.1.0,1.3.0,1.3.0,{1.1.0},1,2009-11-18,2009-11-19
AVRO-207,1.2.0,1.3.0,1.3.0,{1.2.0},1,2009-11-18,2010-01-10
AVRO-208,1.2.0,1.3.0,1.3.0,{1.2.0},1,2009-11-18,2010-02-04
AVRO-227,1.2.0,1.3.0,1.3.0,{1.2.0},1,2009-11-20,2009-11-20
AVRO-225,1.1.0,1.3.0,1.3.0,{1.1.0},1,2009-11-20,2009-11-20
AVRO-223,1.1.0,1.3.0,1.3.0,{1.1.0},1,2009-11-20,2009-11-20
AVRO-222,1.1.0,1.3.0,1.3.0,{1.1.0},1,2009-11-20,2009-11-20
AVRO-232,1.1.0,1.3.0,1.3.0,{1.1.0},1,2009-11-21,2009-11-21
AVRO-238,1.1.0,1.3.0,1.3.0,{1.1.0},1,2009-11-24,2009-12-01
AVRO-247,1.1.0,1.3.0,1.3.0,{1.1.0},1,2009-12-01,2009-12-08
AVRO-256,1.1.0,1.3.0,1.3.0,{1.1.0},1,2009-12-14,2009-12-15
AVRO-255,1.1.0,1.3.0,1.3.0,{1.1.0},1,2009-12-14,2009-12-15
AVRO-257,1.1.0,1.3.0,1.3.0,{1.1.0},1,2009-12-15,2009-12-15
AVRO-259,1.1.0,1.3.0,1.3.0,{1.1.0},1,2009-12-18,2010-01-09
AVRO-265,1.2.0,1.3.0,1.11.1,{1.2.0},1,2009-12-23,2022-04-13
AVRO-276,1.1.0,1.3.0,1.3.0,{1.1.0},1,2009-12-31,2009-12-31
AVRO-280,1.1.0,1.3.0,1.3.0,{1.1.0},1,2010-01-04,2010-01-07
AVRO-281,1.1.0,1.3.0,1.3.0,{1.1.0},1,2010-01-04,2010-01-10
AVRO-282,1.1.0,1.3.0,1.3.0,{1.1.0},1,2010-01-04,2010-01-12
AVRO-309,1.1.0,1.3.0,1.3.0,{1.1.0},1,2010-01-12,2010-01-12
AVRO-308,1.1.0,1.3.0,1.3.0,{1.1.0},1,2010-01-12,2010-01-14
AVRO-313,1.1.0,1.3.0,1.3.0,{1.1.0},3,2010-01-13,2010-01-15
AVRO-318,1.1.0,1.3.0,1.3.0,{1.1.0},1,2010-01-13,2010-02-16
AVRO-329,1.1.0,1.3.0,1.3.0,{1.1.0},1,2010-01-14,2010-01-14
AVRO-335,1.1.0,1.3.0,1.3.0,{1.1.0},1,2010-01-14,2010-01-15
AVRO-337,1.1.0,1.3.0,1.3.0,{1.1.0},1,2010-01-15,2010-01-16
AVRO-347,1.1.0,1.3.0,1.3.0,{1.1.0},1,2010-01-18,2010-01-18
AVRO-352,1.1.0,1.3.0,1.3.0,{1.1.0},1,2010-01-19,2010-01-19
AVRO-356,1.1.0,1.3.0,1.3.0,{1.1.0},1,2010-01-20,2010-01-20
AVRO-361,1.1.0,1.3.0,1.3.0,{1.1.0},1,2010-01-21,2010-02-02
AVRO-373,1.1.0,1.3.0,1.3.0,{1.1.0},1,2010-01-23,2010-01-26
AVRO-374,1.1.0,1.3.0,1.3.0,{1.1.0},1,2010-01-24,2010-02-16
AVRO-375,1.1.0,1.3.0,1.3.0,{1.1.0},2,2010-01-25,2010-01-26
AVRO-382,1.2.0,1.3.0,1.3.0,{1.2.0},1,2010-01-27,2010-01-27
AVRO-385,1.1.0,1.3.0,1.3.0,{1.1.0},1,2010-01-28,2010-01-29
AVRO-387,1.2.0,1.3.0,1.3.0,{1.2.0},1,2010-01-29,2010-02-02
AVRO-390,1.1.0,1.3.0,1.3.0,{1.1.0},1,2010-01-31,2010-02-02
AVRO-389,1.1.0,1.3.0,1.3.0,{1.1.0},1,2010-01-31,2010-02-02
AVRO-398,1.1.0,1.3.0,1.3.0,{1.1.0},1,2010-02-04,2010-02-05
AVRO-407,1.1.0,1.3.0,1.3.0,{1.1.0},1,2010-02-05,2010-02-08
AVRO-408,1.1.0,1.3.0,1.3.0,{1.1.0},1,2010-02-06,2010-02-06
AVRO-413,1.1.0,1.3.0,1.3.0,{1.1.0},1,2010-02-09,2010-02-09
AVRO-411,1.1.0,1.3.0,1.3.0,{1.1.0},1,2010-02-09,2010-02-09
AVRO-416,1.2.0,1.3.0,1.3.0,{1.2.0},2,2010-02-15,2010-02-16
AVRO-417,1.0.0,1.3.0,1.3.0,{1.0.0 / 1.1.0 / 1.2.0 / 1.3.0},1,2010-02-16,2010-02-19
AVRO-418,1.2.0,1.3.0,1.3.1,{1.2.0},1,2010-02-17,2010-03-15
AVRO-422,1.1.0,1.3.0,1.3.0,{1.1.0},1,2010-02-19,2010-02-19
AVRO-421,1.1.0,1.3.0,1.3.0,{1.1.0},1,2010-02-19,2010-02-19
AVRO-433,1.3.0,1.3.1,1.3.1,{1.3.0},1,2010-02-26,2010-03-03
AVRO-437,1.3.0,1.3.1,1.3.1,{1.3.0},1,2010-03-02,2010-03-03
AVRO-440,1.3.0,1.3.1,1.3.1,{1.3.0},1,2010-03-02,2010-03-05
AVRO-441,1.3.0,1.3.1,1.6.2,{1.3.0},1,2010-03-02,2012-01-24
AVRO-448,1.3.0,1.3.1,1.3.1,{1.3.0},1,2010-03-03,2010-03-04
AVRO-447,1.3.0,1.3.1,1.4.0,{1.3.0},1,2010-03-03,2010-06-10
AVRO-461,1.3.0,1.3.1,1.3.3,{1.3.0},1,2010-03-14,2010-04-03
AVRO-480,1.3.0,1.3.2,1.3.2,{1.3.0},1,2010-03-17,2010-03-17
AVRO-479,1.3.0,1.3.2,1.3.2,{1.3.0},1,2010-03-17,2010-03-17
AVRO-487,1.3.1,1.3.2,1.3.2,{1.3.1},1,2010-03-22,2010-03-24
AVRO-489,1.3.1,1.3.2,1.3.3,{1.3.1},1,2010-03-24,2010-04-03
AVRO-496,1.3.1,1.3.3,1.3.3,{1.3.1},1,2010-04-02,2010-04-05
AVRO-499,1.3.2,1.3.3,1.3.3,{1.3.2},3,2010-04-02,2010-05-13
AVRO-500,1.3.2,1.3.3,1.3.3,{1.3.2},1,2010-04-03,2010-04-06
AVRO-501,1.3.2,1.3.3,1.4.0,{1.3.2},1,2010-04-03,2010-08-25
AVRO-502,1.3.2,1.3.3,1.3.3,{1.3.2},1,2010-04-04,2010-04-04
AVRO-510,1.3.2,1.3.3,1.4.0,{1.3.2},1,2010-04-06,2010-08-25
AVRO-515,1.3.1,1.3.3,1.3.3,{1.3.1},1,2010-04-11,2010-04-11
AVRO-516,1.3.1,1.3.3,1.3.3,{1.3.1},4,2010-04-11,2010-04-12
AVRO-518,1.3.1,1.3.3,1.3.3,{1.3.1},1,2010-04-15,2010-04-17
AVRO-517,1.3.2,1.3.3,1.3.3,{1.3.2},2,2010-04-15,2010-04-19
AVRO-524,1.3.1,1.3.3,1.3.3,{1.3.1},2,2010-04-24,2010-04-27
AVRO-527,1.3.1,1.3.3,1.3.3,{1.3.1},1,2010-04-25,2010-05-07
AVRO-537,1.3.2,1.3.3,1.4.1,{1.3.2},2,2010-05-05,2010-10-08
AVRO-541,1.3.2,1.3.3,1.4.0,{1.3.2},1,2010-05-13,2010-08-24
AVRO-548,1.3.1,1.3.3,1.3.3,{1.3.1},1,2010-05-22,2010-05-24
AVRO-554,1.3.0,1.3.3,1.3.3,{1.3.0 / 1.4.0},1,2010-05-27,2010-06-01
AVRO-562,1.3.2,1.3.3,1.3.3,{1.3.2},1,2010-06-04,2010-06-04
AVRO-571,1.3.2,1.4.0,1.4.0,{1.3.2},1,2010-06-09,2010-06-09
AVRO-573,1.3.2,1.4.0,1.4.0,{1.3.2},1,2010-06-11,2010-07-28
AVRO-583,1.3.2,1.4.0,1.4.0,{1.3.2},1,2010-06-22,2010-08-03
AVRO-589,1.2.0,1.4.0,1.4.0,{1.2.0 / 1.3.0 / 1.3.1 / 1.3.2 / 1.3.3},1,2010-07-01,2010-07-05
AVRO-590,1.3.2,1.4.0,1.4.0,{1.3.2},1,2010-07-01,2010-08-23
AVRO-596,1.3.3,1.4.0,1.4.0,{1.3.3},1,2010-07-14,2010-07-20
AVRO-598,1.3.3,1.4.0,1.4.0,{1.3.3 / 1.4.0},1,2010-07-15,2010-08-25
AVRO-604,1.3.2,1.4.0,1.4.0,{1.3.2},1,2010-08-03,2010-08-03
AVRO-607,1.3.3,1.4.0,1.8.2,{1.3.3 / 1.8.1},1,2010-08-05,2016-09-04
AVRO-609,1.3.2,1.4.0,1.4.0,{1.3.2},1,2010-08-06,2010-08-10
AVRO-612,1.3.3,1.4.0,1.4.0,{1.3.3},1,2010-08-13,2010-08-18
AVRO-620,1.3.2,1.4.0,1.4.0,{1.3.2},1,2010-08-20,2010-08-24
AVRO-622,1.3.2,1.4.0,1.4.0,{1.3.2},1,2010-08-24,2010-08-24
AVRO-631,1.3.2,1.4.0,1.4.0,{1.3.2},1,2010-08-25,2010-08-26
AVRO-633,1.3.3,1.4.0,1.4.0,{1.3.3},1,2010-08-26,2010-08-26
AVRO-632,1.3.2,1.4.0,1.4.0,{1.3.2},1,2010-08-26,2010-08-26
AVRO-640,1.3.2,1.4.0,1.4.0,{1.3.2},1,2010-08-27,2010-08-27
AVRO-650,1.3.2,1.4.0,1.4.0,{1.3.2},1,2010-09-01,2010-09-03
AVRO-652,1.3.2,1.4.0,1.4.0,{1.3.2},1,2010-09-02,2010-09-02
AVRO-663,1.4.0,1.4.1,1.5.0,{1.4.0},2,2010-09-09,2011-01-14
AVRO-664,1.4.0,1.4.1,1.4.1,{1.4.0},1,2010-09-10,2010-09-14
AVRO-666,1.3.3,1.4.1,1.4.1,{1.3.3},1,2010-09-12,2010-09-12
AVRO-667,1.4.0,1.4.1,1.4.1,{1.4.0},1,2010-09-16,2010-09-17
AVRO-669,1.4.0,1.4.1,1.5.0,{1.4.0},1,2010-09-17,2010-12-29
AVRO-671,1.3.3,1.4.1,1.4.1,{1.3.3},1,2010-09-19,2010-10-07
AVRO-675,1.4.0,1.4.1,1.4.1,{1.4.0},3,2010-09-30,2010-10-05
AVRO-681,1.4.0,1.5.0,1.5.0,{1.4.0},1,2010-10-14,2010-10-14
AVRO-685,1.4.1,1.5.0,1.5.0,{1.4.1},1,2010-10-27,2010-10-28
AVRO-688,1.4.1,1.5.0,1.5.0,{1.4.1},1,2010-11-01,2011-01-17
AVRO-693,1.4.0,1.5.0,1.5.0,{1.4.0},1,2010-11-04,2010-11-05
AVRO-694,1.4.1,1.5.0,1.5.0,{1.4.1},1,2010-11-08,2011-01-07
AVRO-696,1.4.0,1.5.0,1.5.0,{1.4.0},1,2010-11-17,2010-11-17
AVRO-701,1.4.1,1.5.0,1.5.0,{1.4.1},1,2010-11-23,2011-02-24
AVRO-702,1.4.1,1.5.0,1.5.0,{1.4.1},1,2010-11-24,2010-11-29
AVRO-704,1.4.1,1.5.0,1.5.0,{1.4.1},1,2010-11-30,2010-12-10
AVRO-705,1.4.1,1.5.0,1.5.0,{1.4.1},1,2010-12-01,2010-12-10
AVRO-706,1.4.1,1.5.0,1.5.0,{1.4.1},1,2010-12-02,2010-12-03
AVRO-710,1.4.0,1.5.0,1.5.0,{1.4.0 / 1.4.1 / 1.5.0},1,2010-12-12,2010-12-13
AVRO-713,1.4.1,1.5.0,1.5.0,{1.4.1},1,2010-12-15,2010-12-16
AVRO-717,1.4.1,1.5.0,1.5.0,{1.4.1},1,2010-12-21,2011-01-04
AVRO-732,1.0.0,1.5.0,1.9.0,{1.0.0},1,2011-01-13,2019-04-05
AVRO-736,1.4.1,1.5.0,1.5.0,{1.4.1},2,2011-01-18,2011-01-24
AVRO-740,1.4.0,1.5.0,1.5.0,{1.4.0},1,2011-01-20,2011-01-20
AVRO-741,1.4.0,1.5.0,1.5.0,{1.4.0},1,2011-01-20,2011-01-26
AVRO-742,1.4.0,1.5.0,1.5.0,{1.4.0},1,2011-01-22,2011-01-24
AVRO-745,1.4.0,1.5.0,1.5.0,{1.4.0},1,2011-01-24,2011-01-24
AVRO-746,1.4.1,1.5.0,1.5.2,{1.4.1},1,2011-01-24,2011-07-12
AVRO-748,1.4.1,1.5.0,1.9.2,{1.4.1},1,2011-01-27,2019-11-28
AVRO-749,1.4.0,1.5.0,1.5.0,{1.4.0},1,2011-01-28,2011-01-31
AVRO-755,1.4.1,1.5.0,1.5.0,{1.4.1},1,2011-02-01,2011-02-21
AVRO-759,1.4.1,1.5.0,1.5.0,{1.4.1},1,2011-02-08,2011-02-15
AVRO-761,1.4.1,1.5.0,1.5.0,{1.4.1},1,2011-02-09,2011-03-08
AVRO-764,1.4.1,1.5.0,1.5.0,{1.4.1},2,2011-02-13,2011-02-16
AVRO-772,1.4.1,1.5.0,1.5.0,{1.4.1},1,2011-02-21,2011-02-24
AVRO-780,1.5.0,1.5.1,1.5.1,{1.5.0},1,2011-03-11,2011-03-30
AVRO-786,1.4.1,1.5.1,1.5.1,{1.4.1},1,2011-03-22,2011-03-29
AVRO-790,1.4.1,1.5.1,1.5.1,{1.4.1},1,2011-03-29,2011-04-18
AVRO-793,1.5.0,1.5.1,1.5.1,{1.5.0},1,2011-03-31,2011-04-29
AVRO-801,1.4.1,1.5.1,1.5.1,{1.4.1 / 1.5.0},1,2011-04-08,2011-04-20
AVRO-809,1.5.0,1.5.1,1.5.2,{1.5.0},1,2011-04-22,2011-05-18
AVRO-813,1.5.0,1.5.1,1.9.0,{1.5.0},1,2011-04-27,2019-04-01
AVRO-815,1.5.1,1.5.2,1.5.2,{1.5.1},2,2011-05-03,2011-05-03
AVRO-819,1.5.1,1.5.2,1.5.2,{1.5.1},1,2011-05-12,2011-05-12
AVRO-818,1.5.1,1.5.2,1.5.2,{1.5.1},1,2011-05-12,2011-05-12
AVRO-820,1.4.1,1.5.2,1.5.2,{1.4.1 / 1.5.0 / 1.5.1},1,2011-05-13,2011-05-19
AVRO-824,1.5.0,1.5.2,1.5.2,{1.5.0},1,2011-05-18,2011-06-29
AVRO-825,1.5.1,1.5.2,1.5.2,{1.5.1},1,2011-05-19,2011-07-01
AVRO-833,1.5.0,1.5.2,1.5.2,{1.5.0},2,2011-05-31,2011-05-31
AVRO-832,1.5.0,1.5.2,1.5.2,{1.5.0},1,2011-05-31,2011-06-02
AVRO-835,1.4.1,1.5.2,1.6.2,{1.4.1},1,2011-06-04,2011-12-07
AVRO-842,1.5.1,1.5.2,1.5.2,{1.5.1},1,2011-06-24,2011-07-01
AVRO-845,1.5.1,1.5.2,1.5.2,{1.5.1},2,2011-06-29,2011-06-30
AVRO-851,1.5.1,1.5.2,1.7.2,{1.5.1},1,2011-07-06,2012-09-13
AVRO-864,1.5.0,1.5.2,1.5.2,{1.5.0},2,2011-07-24,2011-07-27
AVRO-869,1.5.0,1.5.2,1.6.0,{1.5.0},1,2011-08-03,2011-10-12
AVRO-871,1.5.0,1.5.2,1.6.0,{1.5.0},1,2011-08-09,2011-10-07
AVRO-879,1.5.1,1.5.3,1.5.3,{1.5.1},2,2011-08-22,2011-08-25
AVRO-884,1.5.2,1.5.4,1.5.4,{1.5.2 / 1.5.3},1,2011-09-06,2011-09-07
AVRO-892,1.5.4,1.6.0,1.6.0,{1.5.4},1,2011-09-21,2011-09-22
AVRO-894,1.5.4,1.6.0,1.6.0,{1.5.4 / 1.6.0},2,2011-09-25,2011-09-25
AVRO-895,1.5.4,1.6.0,1.6.0,{1.5.4},1,2011-09-26,2011-10-01
AVRO-898,1.5.4,1.6.0,1.6.0,{1.5.4},1,2011-09-27,2011-10-03
AVRO-901,1.5.3,1.6.0,1.6.0,{1.5.3},3,2011-10-02,2011-10-05
AVRO-906,1.5.3,1.6.0,1.6.0,{1.5.3},1,2011-10-04,2011-10-05
AVRO-904,1.5.4,1.6.0,1.6.0,{1.5.4},1,2011-10-04,2011-10-07
AVRO-903,1.5.4,1.6.0,1.6.0,{1.5.4},1,2011-10-04,2011-10-07
AVRO-902,1.5.4,1.6.0,1.6.0,{1.5.4},1,2011-10-04,2011-10-07
AVRO-912,1.5.3,1.6.0,1.6.0,{1.5.3},1,2011-10-06,2011-10-07
AVRO-913,1.5.4,1.6.0,1.6.0,{1.5.4},1,2011-10-06,2011-10-12
AVRO-914,1.5.3,1.6.0,1.6.0,{1.5.3},1,2011-10-07,2011-10-07
AVRO-917,1.5.3,1.6.0,1.6.0,{1.5.3},1,2011-10-08,2011-10-12
AVRO-916,1.5.3,1.6.0,1.6.0,{1.5.3},1,2011-10-08,2011-10-12
AVRO-925,1.5.4,1.6.0,1.6.0,{1.5.4},1,2011-10-12,2011-10-14
AVRO-927,1.5.4,1.6.0,1.6.0,{1.5.4},1,2011-10-14,2011-10-17
AVRO-931,1.5.3,1.6.0,1.6.0,{1.5.3},1,2011-10-16,2011-10-17
AVRO-942,1.5.3,1.6.0,1.6.0,{1.5.3},1,2011-10-23,2011-10-24
AVRO-943,1.5.4,1.6.0,1.6.1,{1.5.4},1,2011-10-25,2011-11-01
AVRO-945,1.5.3,1.6.0,1.6.0,{1.5.3},1,2011-10-27,2011-10-28
AVRO-948,1.5.3,1.6.0,1.6.0,{1.5.3},1,2011-10-28,2011-10-28
AVRO-951,1.6.0,1.6.1,1.6.1,{1.6.0},1,2011-11-03,2011-11-04
AVRO-950,1.6.0,1.6.1,1.6.1,{1.6.0},1,2011-11-03,2011-11-04
AVRO-954,1.6.0,1.6.1,1.7.0,{1.6.0},1,2011-11-07,2012-04-22
AVRO-962,1.6.1,1.6.2,1.6.2,{1.6.1},1,2011-11-28,2011-12-05
AVRO-966,1.6.1,1.6.2,1.6.2,{1.6.1},1,2011-11-30,2011-12-07
AVRO-968,1.6.1,1.6.2,1.6.2,{1.6.1 / 1.6.2 / 1.7.0},1,2011-12-02,2012-01-24
AVRO-972,1.6.1,1.6.2,1.6.2,{1.6.1},1,2011-12-08,2011-12-09
AVRO-978,1.6.0,1.6.2,1.6.2,{1.6.0},1,2011-12-12,2011-12-13
AVRO-980,1.6.1,1.6.2,1.6.2,{1.6.1},1,2011-12-13,2012-02-09
AVRO-981,1.5.4,1.6.2,1.7.3,{1.5.4 / 1.6.1},1,2011-12-15,2012-10-06
AVRO-984,1.6.1,1.6.2,1.6.2,{1.6.1 / 1.6.2 / 1.7.0},1,2011-12-19,2011-12-27
AVRO-986,1.6.0,1.6.2,1.6.2,{1.6.0},1,2011-12-22,2012-01-26
AVRO-994,1.6.0,1.6.2,1.6.2,{1.6.0 / 1.6.1},2,2012-01-16,2012-01-17
AVRO-993,1.6.0,1.6.2,1.6.2,{1.6.0 / 1.6.1},1,2012-01-16,2012-01-17
AVRO-996,1.6.0,1.6.2,1.6.2,{1.6.0 / 1.6.1},1,2012-01-17,2012-02-07
AVRO-997,1.5.1,1.6.2,1.8.0,{1.5.1},1,2012-01-18,2014-10-03
AVRO-1000,1.6.0,1.6.2,1.6.2,{1.6.0},1,2012-01-20,2012-01-23
AVRO-1002,1.6.0,1.6.2,1.6.2,{1.6.0},1,2012-01-24,2012-01-24
AVRO-1004,1.6.1,1.6.2,1.6.2,{1.6.1},1,2012-01-24,2012-01-26
AVRO-1003,1.6.1,1.6.2,1.6.2,{1.6.1},1,2012-01-24,2012-01-26
AVRO-1007,1.6.1,1.6.2,1.6.2,{1.6.1},1,2012-01-25,2012-02-09
AVRO-1013,1.6.1,1.6.2,1.6.2,{1.6.1},1,2012-01-30,2012-02-08
AVRO-1014,1.6.0,1.6.2,1.6.2,{1.6.0},1,2012-01-31,2012-02-01
AVRO-1016,1.6.1,1.6.2,1.6.2,{1.6.1},1,2012-02-04,2012-02-07
AVRO-1020,1.6.1,1.6.2,1.6.2,{1.6.1},1,2012-02-07,2012-02-07
AVRO-1021,1.6.0,1.6.2,1.6.2,{1.6.0},1,2012-02-08,2012-02-09
AVRO-1027,1.6.1,1.6.2,1.6.3,{1.6.1},2,2012-02-10,2012-03-02
AVRO-1030,1.6.1,1.6.3,1.6.3,{1.6.1},1,2012-02-14,2012-02-22
AVRO-1031,1.6.2,1.6.3,1.6.3,{1.6.2},1,2012-02-15,2012-02-29
AVRO-1033,1.6.2,1.6.3,1.6.3,{1.6.2},1,2012-02-19,2012-02-29
AVRO-1034,1.6.2,1.6.3,1.6.3,{1.6.2},1,2012-02-22,2012-03-01
AVRO-1037,1.6.2,1.6.3,1.6.3,{1.6.2},1,2012-02-23,2012-02-24
AVRO-1036,1.6.2,1.6.3,1.6.3,{1.6.2},1,2012-02-23,2012-02-24
AVRO-1039,1.6.2,1.6.3,1.6.3,{1.6.2},1,2012-02-29,2012-03-01
AVRO-1038,1.6.2,1.6.3,1.6.3,{1.6.2},1,2012-02-29,2012-03-01
AVRO-1041,1.6.2,1.6.3,1.6.3,{1.6.2},1,2012-03-01,2012-03-02
AVRO-1045,1.6.2,1.6.3,1.6.3,{1.6.2},1,2012-03-14,2012-03-16
AVRO-1046,1.6.2,1.6.3,1.7.0,{1.6.2},1,2012-03-16,2012-05-17
AVRO-1047,1.6.3,1.7.0,1.9.0,{1.6.3},1,2012-03-20,2017-12-13
AVRO-1048,1.6.3,1.7.0,1.7.0,{1.6.3},1,2012-03-22,2012-04-28
AVRO-1049,1.6.0,1.7.0,1.7.0,{1.6.0},1,2012-03-23,2012-05-16
AVRO-1050,1.6.0,1.7.0,1.7.0,{1.6.0 / 1.6.1 / 1.6.2 / 1.6.3},1,2012-03-23,2012-05-18
AVRO-1051,1.6.3,1.7.0,1.7.0,{1.6.3},1,2012-03-27,2012-05-16
AVRO-1056,1.6.3,1.7.0,1.7.0,{1.6.3},1,2012-04-13,2012-05-17
AVRO-1065,1.6.3,1.7.0,1.7.0,{1.6.3},1,2012-04-18,2012-05-13
AVRO-1066,1.6.3,1.7.0,1.7.0,{1.6.3},1,2012-04-19,2012-05-11
AVRO-1069,1.6.3,1.7.0,1.7.1,{1.6.3},1,2012-04-20,2012-06-12
AVRO-1070,1.6.2,1.7.0,1.7.0,{1.6.2},1,2012-04-22,2012-05-09
AVRO-1071,1.5.0,1.7.0,1.7.0,{1.5.0},1,2012-04-23,2012-05-08
AVRO-1076,1.6.3,1.7.0,1.7.0,{1.6.3},1,2012-04-29,2012-05-17
AVRO-1078,1.6.3,1.7.0,1.7.0,{1.6.3},1,2012-05-04,2012-05-16
AVRO-1080,1.6.3,1.7.0,1.7.0,{1.6.3},1,2012-05-06,2012-05-09
AVRO-1081,1.6.3,1.7.0,1.7.0,{1.6.3},1,2012-05-10,2012-05-17
AVRO-1084,1.6.3,1.7.0,1.7.0,{1.6.3 / 1.7.0},1,2012-05-11,2012-05-20
AVRO-1083,1.6.3,1.7.0,1.7.0,{1.6.3 / 1.7.0},1,2012-05-11,2012-05-20
AVRO-1082,1.6.3,1.7.0,1.7.0,{1.6.3 / 1.7.0},1,2012-05-11,2012-05-20
AVRO-1086,1.6.3,1.7.0,1.7.0,{1.6.3 / 1.7.0},1,2012-05-12,2012-05-20
AVRO-1090,1.6.3,1.7.0,1.7.0,{1.6.3},1,2012-05-14,2012-05-17
AVRO-1089,1.6.3,1.7.0,1.7.3,{1.6.3 / 1.7.0},1,2012-05-14,2012-12-01
AVRO-1092,1.6.3,1.7.0,1.7.0,{1.6.3 / 1.7.0},1,2012-05-16,2012-05-20
AVRO-1094,1.6.2,1.7.0,1.7.0,{1.6.2 / 1.6.3},1,2012-05-17,2012-05-18
AVRO-1096,1.6.3,1.7.0,1.7.0,{1.6.3},2,2012-05-20,2012-05-20
AVRO-1098,1.6.2,1.7.0,1.7.0,{1.6.2},1,2012-05-21,2012-05-23
AVRO-1097,1.6.2,1.7.0,1.7.0,{1.6.2},1,2012-05-21,2012-05-23
AVRO-1099,1.6.3,1.7.0,1.7.0,{1.6.3},1,2012-05-21,2012-06-07
AVRO-1102,1.6.3,1.7.0,1.7.0,{1.6.3 / 1.7.0},1,2012-05-25,2012-06-07
AVRO-1109,1.5.1,1.7.0,1.7.1,{1.5.1 / 1.6.3 / 1.7.0},1,2012-06-07,2012-07-12
AVRO-1111,1.6.3,1.7.0,1.7.2,{1.6.3},1,2012-06-08,2012-09-11
AVRO-1114,1.7.0,1.7.1,1.7.1,{1.7.0},1,2012-06-11,2012-06-11
AVRO-1115,1.7.0,1.7.1,1.7.1,{1.7.0},1,2012-06-13,2012-06-22
AVRO-1116,1.5.0,1.7.1,1.7.1,{1.5.0 / 1.5.1 / 1.5.2 / 1.5.3 / 1.5.4 / 1.6.0 / 1.6.1 / 1.6.2 / 1.6.3 / 1.7.0},1,2012-06-15,2012-07-04
AVRO-1119,1.6.3,1.7.1,1.7.1,{1.6.3 / 1.7.0},1,2012-06-20,2012-07-05
AVRO-1128,1.7.0,1.7.2,1.7.2,{1.7.0 / 1.7.1},1,2012-07-17,2012-07-19
AVRO-1135,1.7.1,1.7.2,1.7.2,{1.7.1},1,2012-08-05,2012-08-20
AVRO-1138,1.7.1,1.7.2,1.7.2,{1.7.1},1,2012-08-13,2012-09-13
AVRO-1141,1.7.1,1.7.2,1.7.2,{1.7.1},1,2012-08-21,2012-08-27
AVRO-1142,1.7.0,1.7.2,1.7.2,{1.7.0},1,2012-08-21,2012-09-14
AVRO-1143,1.7.1,1.7.2,1.7.2,{1.7.1},1,2012-08-28,2012-09-09
AVRO-1144,1.7.0,1.7.2,1.7.5,{1.7.0},1,2012-08-28,2013-07-31
AVRO-1146,1.7.0,1.7.2,1.7.2,{1.7.0},1,2012-08-31,2012-09-10
AVRO-1150,1.7.0,1.7.2,1.7.2,{1.7.0},1,2012-09-07,2012-09-17
AVRO-1152,1.7.1,1.7.2,1.7.2,{1.7.1},2,2012-09-10,2012-09-10
AVRO-1155,1.7.0,1.7.2,1.7.2,{1.7.0},2,2012-09-11,2012-09-12
AVRO-1154,1.7.0,1.7.2,1.7.2,{1.7.0},2,2012-09-11,2012-09-13
AVRO-1159,1.7.1,1.7.2,1.7.2,{1.7.1},1,2012-09-13,2012-09-13
AVRO-1158,1.7.1,1.7.2,1.7.2,{1.7.1},1,2012-09-13,2012-09-13
AVRO-1161,1.7.1,1.7.2,1.7.2,{1.7.1},1,2012-09-13,2012-09-17
AVRO-1166,1.7.1,1.7.2,1.7.2,{1.7.1},1,2012-09-14,2012-09-17
AVRO-1165,1.7.1,1.7.2,1.7.2,{1.7.1},1,2012-09-14,2012-09-17
AVRO-1164,1.7.1,1.7.2,1.7.2,{1.7.1},1,2012-09-14,2012-09-17
AVRO-1163,1.7.1,1.7.2,1.7.3,{1.7.1},1,2012-09-14,2012-11-30
AVRO-1170,1.7.1,1.7.2,1.7.3,{1.7.1},1,2012-09-19,2012-09-27
AVRO-1171,1.7.1,1.7.2,1.7.3,{1.7.1},1,2012-09-22,2012-09-24
AVRO-1172,1.7.1,1.7.3,1.7.5,{1.7.1},1,2012-09-25,2013-06-24
AVRO-1175,1.7.2,1.7.3,1.7.3,{1.7.2},1,2012-09-27,2012-11-28
AVRO-1174,1.7.2,1.7.3,1.7.3,{1.7.2},1,2012-09-27,2012-11-30
AVRO-1176,1.7.0,1.7.3,1.9.0,{1.7.0},1,2012-09-29,2019-01-03
AVRO-1177,1.7.2,1.7.3,1.7.3,{1.7.2},1,2012-10-01,2012-11-28
AVRO-1178,1.7.2,1.7.3,1.7.3,{1.7.2},1,2012-10-17,2012-11-28
AVRO-1181,1.7.2,1.7.3,1.7.5,{1.7.2 / 1.7.3 / 1.7.4},1,2012-10-23,2013-06-13
AVRO-1183,1.7.2,1.7.3,1.7.3,{1.7.2},1,2012-10-24,2012-11-14
AVRO-1190,1.7.0,1.7.3,1.9.0,{1.7.0},1,2012-11-05,2018-12-30
AVRO-1197,1.7.1,1.7.3,1.7.3,{1.7.1},1,2012-11-08,2012-11-08
AVRO-1200,1.7.2,1.7.3,1.7.3,{1.7.2},1,2012-11-08,2012-11-09
AVRO-1198,1.7.2,1.7.3,1.7.4,{1.7.2},1,2012-11-08,2013-02-12
AVRO-1201,1.7.2,1.7.3,1.7.3,{1.7.2},1,2012-11-09,2012-11-21
AVRO-1206,1.7.2,1.7.3,1.7.3,{1.7.2},1,2012-11-16,2012-11-28
AVRO-1217,1.7.2,1.7.4,1.7.4,{1.7.2},1,2012-12-07,2012-12-08
AVRO-1215,1.7.2,1.7.4,1.7.4,{1.7.2},1,2012-12-07,2013-02-18
AVRO-1216,1.7.2,1.7.4,1.8.2,{1.7.2 / 1.7.3 / 1.7.4 / 1.7.5 / 1.7.7 / 1.8.0 / 1.8.1},1,2012-12-07,2017-01-31
AVRO-1220,1.7.3,1.7.4,1.7.4,{1.7.3},1,2012-12-13,2013-02-09
AVRO-1221,1.7.2,1.7.4,1.7.4,{1.7.2},1,2012-12-19,2012-12-19
AVRO-1227,1.7.3,1.7.4,1.7.4,{1.7.3},1,2013-01-09,2013-01-24
AVRO-1228,1.7.3,1.7.4,1.7.4,{1.7.3},1,2013-01-10,2013-02-04
AVRO-1231,1.7.2,1.7.4,1.7.4,{1.7.2},1,2013-01-11,2013-01-14
AVRO-1230,1.7.2,1.7.4,1.7.4,{1.7.2},1,2013-01-11,2013-01-16
AVRO-1233,1.7.2,1.7.4,1.7.4,{1.7.2},1,2013-01-15,2013-01-17
AVRO-1234,1.7.3,1.7.4,1.7.7,{1.7.3},1,2013-01-17,2013-12-13
AVRO-1240,1.7.3,1.7.4,1.7.4,{1.7.3},1,2013-02-01,2013-02-05
AVRO-1237,1.7.3,1.7.4,1.7.7,{1.7.3},1,2013-02-01,2013-12-18
AVRO-1247,1.7.3,1.7.4,1.7.4,{1.7.3},1,2013-02-10,2013-02-14
AVRO-1249,1.7.3,1.7.4,1.7.4,{1.7.3},1,2013-02-11,2013-02-12
AVRO-1258,1.7.3,1.7.4,1.7.4,{1.7.3},1,2013-02-19,2013-02-19
AVRO-1257,1.7.3,1.7.4,1.7.4,{1.7.3},1,2013-02-19,2013-02-19
AVRO-1261,1.7.4,1.7.5,1.7.5,{1.7.4},3,2013-02-27,2013-07-09
AVRO-1266,1.7.3,1.7.5,1.7.5,{1.7.3},1,2013-02-28,2013-04-13
AVRO-1272,1.7.4,1.7.5,1.7.5,{1.7.4},1,2013-03-10,2013-03-19
AVRO-1275,1.7.2,1.7.5,1.9.0,{1.7.2},1,2013-03-18,2019-04-05
AVRO-1279,1.7.4,1.7.5,1.7.5,{1.7.4},1,2013-03-21,2013-07-26
AVRO-1290,1.7.3,1.7.5,1.7.5,{1.7.3},1,2013-04-04,2013-06-13
AVRO-1292,1.7.4,1.7.5,1.7.5,{1.7.4},1,2013-04-09,2013-07-02
AVRO-1295,1.7.3,1.7.5,1.7.5,{1.7.3},2,2013-04-10,2013-04-16
AVRO-1296,1.7.4,1.7.5,1.7.5,{1.7.4},2,2013-04-10,2013-04-24
AVRO-1293,1.7.4,1.7.5,1.7.5,{1.7.4},1,2013-04-10,2013-07-02
AVRO-1297,1.7.4,1.7.5,1.7.5,{1.7.4},1,2013-04-11,2013-07-15
AVRO-1302,1.7.4,1.7.5,1.8.0,{1.7.4},1,2013-04-18,2014-11-06
AVRO-1309,1.7.4,1.7.5,1.7.5,{1.7.4},1,2013-04-22,2013-04-23
AVRO-1308,1.7.3,1.7.5,1.7.5,{1.7.3},1,2013-04-22,2013-04-23
AVRO-1316,1.7.3,1.7.5,1.7.5,{1.7.3},1,2013-05-01,2013-05-09
AVRO-1322,1.7.4,1.7.5,1.7.5,{1.7.4},1,2013-05-06,2013-05-09
AVRO-1326,1.7.4,1.7.5,1.7.5,{1.7.4},1,2013-05-08,2013-05-09
AVRO-1331,1.7.3,1.7.5,1.7.5,{1.7.3},1,2013-05-15,2013-05-16
AVRO-1334,1.7.4,1.7.5,1.8.0,{1.7.4},2,2013-05-21,2014-09-22
AVRO-1346,1.7.4,1.7.5,1.7.5,{1.7.4},1,2013-06-06,2013-06-20
AVRO-1348,1.7.4,1.7.5,1.7.7,{1.7.4},1,2013-06-19,2013-12-19
AVRO-1352,1.7.0,1.7.5,1.7.7,{1.7.0 / 1.7.1 / 1.7.2 / 1.7.3 / 1.7.4},1,2013-07-08,2014-06-29
AVRO-1356,1.7.4,1.7.5,1.7.5,{1.7.4},1,2013-07-21,2013-08-07
AVRO-1355,1.7.4,1.7.5,1.7.7,{1.7.4},1,2013-07-21,2013-08-20
AVRO-1358,1.7.4,1.7.5,1.7.7,{1.7.4},1,2013-07-24,2013-12-18
AVRO-1363,1.7.4,1.7.7,1.9.0,{1.7.4},1,2013-08-20,2018-12-05
AVRO-1366,1.7.5,1.7.7,1.7.7,{1.7.5},1,2013-08-26,2013-09-12
AVRO-1368,1.7.5,1.7.7,1.7.7,{1.7.5},1,2013-08-27,2013-09-04
AVRO-1369,1.7.5,1.7.7,1.7.7,{1.7.5},1,2013-08-28,2013-12-18
AVRO-1374,1.7.4,1.7.7,1.7.7,{1.7.4 / 1.7.5},1,2013-09-10,2013-09-11
AVRO-1377,1.7.5,1.7.7,1.7.7,{1.7.5},1,2013-09-17,2013-09-27
AVRO-1382,1.7.5,1.7.7,1.7.7,{1.7.5},3,2013-10-04,2014-01-10
AVRO-1387,1.7.4,1.7.7,1.7.7,{1.7.4},1,2013-10-17,2013-10-25
AVRO-1401,1.7.5,1.7.7,1.9.0,{1.7.5},1,2013-11-12,2017-06-14
AVRO-1405,1.7.5,1.7.7,1.7.7,{1.7.5},1,2013-11-22,2013-12-19
AVRO-1406,1.7.5,1.7.7,1.7.7,{1.7.5},1,2013-11-25,2013-12-15
AVRO-1407,1.7.5,1.7.7,1.8.0,{1.7.5},1,2013-11-29,2014-11-26
AVRO-1410,1.7.5,1.7.7,1.7.7,{1.7.5},2,2013-12-08,2013-12-16
AVRO-1415,1.7.4,1.7.7,1.7.7,{1.7.4},1,2013-12-17,2014-01-10
AVRO-1424,1.7.5,1.7.7,1.7.7,{1.7.5},1,2014-01-02,2014-01-07
AVRO-1427,1.7.5,1.7.7,1.7.7,{1.7.5},1,2014-01-05,2014-01-09
AVRO-1433,1.7.5,1.7.7,1.7.7,{1.7.5},1,2014-01-08,2014-01-09
AVRO-1434,1.7.5,1.7.7,1.7.7,{1.7.5},1,2014-01-10,2014-01-10
AVRO-1436,1.7.5,1.7.7,1.7.7,{1.7.5},1,2014-01-13,2014-01-28
AVRO-1441,1.7.4,1.7.7,1.7.7,{1.7.4},1,2014-01-16,2014-01-28
AVRO-1442,1.7.4,1.7.7,1.7.7,{1.7.4},1,2014-01-21,2014-05-28
AVRO-1444,1.7.4,1.7.7,1.9.0,{1.7.4},1,2014-01-22,2018-12-31
AVRO-1445,1.7.4,1.7.7,1.7.7,{1.7.4},1,2014-01-23,2014-01-27
AVRO-1446,1.7.4,1.7.7,1.7.7,{1.7.4},1,2014-01-24,2014-01-27
AVRO-1447,1.7.4,1.7.7,1.7.7,{1.7.4},1,2014-01-27,2014-01-28
AVRO-1448,1.7.4,1.7.7,1.7.7,{1.7.4},2,2014-01-28,2014-07-05
AVRO-1454,1.7.5,1.7.7,1.7.7,{1.7.5},1,2014-02-07,2014-03-03
AVRO-1455,1.7.4,1.7.7,1.7.7,{1.7.4},1,2014-02-12,2014-03-03
AVRO-1457,1.7.4,1.7.7,1.7.7,{1.7.4},1,2014-02-12,2014-05-28
AVRO-1458,1.7.5,1.7.7,1.7.7,{1.7.5},1,2014-02-15,2014-02-28
AVRO-1459,1.7.4,1.7.7,1.7.7,{1.7.4},1,2014-02-15,2014-03-13
AVRO-1462,1.7.4,1.7.7,1.7.7,{1.7.4},1,2014-02-20,2014-06-11
AVRO-1465,1.7.4,1.7.7,1.7.7,{1.7.4},1,2014-02-24,2014-03-13
AVRO-1470,1.7.4,1.7.7,1.7.7,{1.7.4},1,2014-02-27,2014-06-11
AVRO-1473,1.7.4,1.7.7,1.7.7,{1.7.4},1,2014-03-02,2014-03-13
AVRO-1474,1.7.4,1.7.7,1.7.7,{1.7.4},1,2014-03-03,2014-06-29
AVRO-1478,1.7.4,1.7.7,1.9.0,{1.7.4},1,2014-03-07,2019-01-03
AVRO-1485,1.7.4,1.7.7,1.9.0,{1.7.4},1,2014-03-19,2017-07-20
AVRO-1489,1.7.5,1.7.7,1.8.0,{1.7.5},1,2014-03-30,2014-10-27
AVRO-1491,1.7.5,1.7.7,1.8.0,{1.7.5},2,2014-04-01,2015-07-15
AVRO-1493,1.7.5,1.7.7,1.8.1,{1.7.5},1,2014-04-06,2016-02-22
AVRO-1498,1.7.5,1.7.7,1.7.7,{1.7.5},1,2014-04-22,2014-07-15
AVRO-1499,1.7.5,1.7.7,1.7.7,{1.7.5},1,2014-04-24,2014-07-03
AVRO-1500,1.7.4,1.7.7,1.7.7,{1.7.4 / 1.7.5},1,2014-04-30,2014-06-06
AVRO-1512,1.7.4,1.7.7,1.7.7,{1.7.4},1,2014-05-20,2014-05-28
AVRO-1522,1.7.4,1.7.7,1.7.7,{1.7.4},1,2014-05-30,2014-06-06
AVRO-1525,1.7.4,1.7.7,1.7.7,{1.7.4},1,2014-06-11,2014-06-12
AVRO-1528,1.7.4,1.7.7,1.9.0,{1.7.4},1,2014-06-16,2018-11-29
AVRO-1544,1.7.5,1.7.7,1.8.0,{1.7.5},1,2014-07-12,2014-08-04
AVRO-1545,1.7.5,1.7.7,1.8.0,{1.7.5},1,2014-07-15,2014-12-17
AVRO-1546,1.7.4,1.7.7,1.7.7,{1.7.4},1,2014-07-17,2014-07-18
AVRO-1553,1.7.7,1.8.0,1.8.0,{1.7.7},1,2014-07-28,2014-07-29
AVRO-1560,1.7.7,1.8.0,1.8.0,{1.7.7},1,2014-08-06,2015-12-30
AVRO-1564,1.7.7,1.8.0,1.8.0,{1.7.7},1,2014-08-08,2014-11-26
AVRO-1572,1.7.5,1.8.0,1.8.0,{1.7.5},1,2014-08-25,2015-12-30
AVRO-1573,1.7.4,1.8.0,1.8.0,{1.7.4},1,2014-08-28,2015-01-07
AVRO-1576,1.7.7,1.8.0,1.8.0,{1.7.7},1,2014-09-03,2015-07-07
AVRO-1577,1.7.7,1.8.0,1.9.0,{1.7.7},1,2014-09-03,2019-01-17
AVRO-1589,1.7.7,1.8.0,1.8.0,{1.7.7},1,2014-09-19,2014-09-22
AVRO-1590,1.7.7,1.8.0,1.8.0,{1.7.7},1,2014-09-20,2014-09-29
AVRO-1591,1.7.5,1.8.0,1.8.0,{1.7.5},1,2014-10-02,2014-10-04
AVRO-1592,1.7.7,1.8.0,1.8.0,{1.7.7},1,2014-10-08,2014-11-08
AVRO-1593,1.7.7,1.8.0,1.8.0,{1.7.7},1,2014-10-10,2015-08-26
AVRO-1596,1.7.7,1.8.0,1.8.0,{1.7.7},1,2014-10-22,2014-11-17
AVRO-1597,1.7.5,1.8.0,1.8.0,{1.7.5},1,2014-10-24,2014-11-08
AVRO-1598,1.7.7,1.8.0,1.8.0,{1.7.7},1,2014-11-01,2014-11-06
AVRO-1602,1.7.7,1.8.0,1.8.0,{1.7.7},2,2014-11-09,2014-11-13
AVRO-1604,1.7.5,1.8.0,1.8.0,{1.7.5},1,2014-11-14,2014-11-26
AVRO-1617,1.7.7,1.8.0,1.8.0,{1.7.7},1,2014-12-04,2015-12-30
AVRO-1622,1.7.7,1.8.0,1.8.0,{1.7.7},1,2014-12-11,2014-12-11
AVRO-1621,1.7.7,1.8.0,1.8.0,{1.7.7},1,2014-12-11,2014-12-18
AVRO-1623,1.7.7,1.8.0,1.8.0,{1.7.7},1,2014-12-16,2014-12-17
AVRO-1624,1.7.5,1.8.0,1.8.0,{1.7.5},1,2014-12-19,2015-01-12
AVRO-1626,1.7.5,1.8.0,1.9.0,{1.7.5},1,2015-01-09,2019-04-01
AVRO-1635,1.7.7,1.8.0,1.9.0,{1.7.7},2,2015-01-22,2018-10-02
AVRO-1642,1.7.7,1.8.0,1.8.1,{1.7.7},1,2015-02-24,2016-04-09
AVRO-1646,1.7.7,1.8.0,1.11.1,{1.7.7},1,2015-03-05,2022-03-03
AVRO-1652,1.7.7,1.8.0,1.8.0,{1.7.7},1,2015-03-28,2015-11-25
AVRO-1653,1.7.5,1.8.0,1.8.0,{1.7.5},1,2015-03-29,2015-03-30
AVRO-1655,1.7.7,1.8.0,1.8.0,{1.7.7},1,2015-03-31,2015-04-17
AVRO-1663,1.7.7,1.8.0,1.8.0,{1.7.7},1,2015-04-23,2016-01-19
AVRO-1664,1.7.7,1.8.0,1.10.0,{1.7.7},1,2015-04-24,2020-06-08
AVRO-1667,1.7.7,1.8.0,1.8.1,{1.7.7},4,2015-05-05,2016-03-15
AVRO-1673,1.7.7,1.8.0,1.8.0,{1.7.7},2,2015-05-29,2015-07-15
AVRO-1676,1.7.7,1.8.0,1.8.0,{1.7.7},1,2015-06-03,2015-08-25
AVRO-1689,1.7.7,1.8.0,1.8.0,{1.7.7},1,2015-06-25,2015-06-25
AVRO-1688,1.7.5,1.8.0,1.8.0,{1.7.5},1,2015-06-25,2015-07-13
AVRO-1691,1.7.7,1.8.0,1.8.0,{1.7.7},1,2015-06-30,2016-01-19
AVRO-1700,1.7.7,1.8.0,1.8.0,{1.7.7},1,2015-07-11,2015-08-26
AVRO-1701,1.7.7,1.8.0,1.8.1,{1.7.7},1,2015-07-11,2016-04-13
AVRO-1713,1.7.5,1.8.0,1.8.0,{1.7.5},1,2015-08-06,2015-08-07
AVRO-1715,1.7.7,1.8.0,1.8.0,{1.7.7 / 1.8.0},1,2015-08-07,2015-10-07
AVRO-1719,1.7.7,1.8.0,1.8.2,{1.7.7},1,2015-08-19,2016-09-04
AVRO-1725,1.7.7,1.8.0,1.8.0,{1.7.7},1,2015-09-01,2016-01-11
AVRO-1737,1.7.7,1.8.0,1.11.3,{1.7.7},1,2015-09-11,2023-07-20
AVRO-1739,1.7.5,1.8.0,1.8.0,{1.7.5},1,2015-09-13,2015-10-07
AVRO-1741,1.7.5,1.8.0,1.9.0,{1.7.5},1,2015-09-15,2018-12-20
AVRO-1743,1.7.7,1.8.0,1.9.0,{1.7.7},1,2015-10-04,2018-11-29
AVRO-1750,1.7.7,1.8.0,1.8.2,{1.7.7},1,2015-10-15,2017-01-29
AVRO-1754,1.7.5,1.8.0,1.8.0,{1.7.5},1,2015-11-04,2015-11-26
AVRO-1755,1.7.7,1.8.0,1.8.0,{1.7.7},1,2015-11-08,2015-11-25
AVRO-1775,1.7.5,1.8.0,1.8.0,{1.7.5},1,2015-12-30,2016-01-19
AVRO-1782,1.7.7,1.8.0,1.8.0,{1.7.7},1,2016-01-11,2016-01-13
AVRO-1783,1.7.7,1.8.0,1.8.0,{1.7.7},1,2016-01-11,2016-01-21
AVRO-1799,1.8.0,1.8.1,1.8.1,{1.8.0},1,2016-02-10,2016-02-29
AVRO-1807,1.8.0,1.8.1,1.8.1,{1.8.0},1,2016-03-08,2016-05-14
AVRO-1810,1.8.0,1.8.1,1.9.0,{1.8.0},1,2016-03-10,2019-03-04
AVRO-1814,1.8.0,1.8.1,1.8.1,{1.8.0},1,2016-03-17,2016-04-28
AVRO-1813,1.8.0,1.8.1,1.8.2,{1.8.0},1,2016-03-17,2017-02-10
AVRO-1820,1.8.0,1.8.1,1.8.1,{1.8.0},1,2016-04-02,2016-04-20
AVRO-1821,1.8.0,1.8.1,1.9.0,{1.8.0},3,2016-04-04,2017-06-20
AVRO-1824,1.8.0,1.8.1,1.8.1,{1.8.0},1,2016-04-08,2016-04-09
AVRO-1826,1.7.7,1.8.1,1.8.1,{1.7.7},1,2016-04-09,2016-04-17
AVRO-1844,1.8.0,1.8.1,1.9.0,{1.8.0},1,2016-05-12,2018-12-10
AVRO-1848,1.8.0,1.8.1,1.8.2,{1.8.0},1,2016-05-19,2016-09-04
AVRO-1849,1.7.7,1.8.2,1.8.2,{1.7.7 / 1.8.0},2,2016-05-20,2016-09-27
AVRO-1851,1.7.7,1.8.2,1.11.1,{1.7.7 / 1.11.0},1,2016-05-23,2022-02-10
AVRO-1853,1.8.1,1.8.2,1.8.2,{1.8.1},1,2016-05-25,2016-09-27
AVRO-1857,1.7.7,1.8.2,1.9.0,{1.7.7},1,2016-06-02,2017-05-25
AVRO-1860,1.8.1,1.8.2,1.8.2,{1.8.1},1,2016-06-06,2016-10-06
AVRO-1866,1.8.1,1.8.2,1.8.2,{1.8.1},1,2016-06-22,2017-01-29
AVRO-1869,1.8.0,1.8.2,1.8.2,{1.8.0 / 1.8.1},1,2016-06-28,2016-06-28
AVRO-1873,1.8.1,1.8.2,1.8.2,{1.8.1},1,2016-06-30,2016-09-12
AVRO-1874,1.8.1,1.8.2,1.8.2,{1.8.1},1,2016-07-04,2016-09-04
AVRO-1882,1.8.1,1.8.2,1.8.2,{1.8.1},1,2016-07-11,2016-10-30
AVRO-1881,1.8.1,1.8.2,1.8.2,{1.8.1},1,2016-07-11,2017-01-10
AVRO-1883,1.8.1,1.8.2,1.9.0,{1.8.1},1,2016-07-17,2017-10-27
AVRO-1888,1.8.0,1.8.2,1.8.2,{1.8.0},1,2016-07-24,2016-09-04
AVRO-1889,1.8.1,1.8.2,1.9.0,{1.8.1},2,2016-07-25,2018-05-09
AVRO-1891,1.8.1,1.8.2,1.9.2,{1.8.1},1,2016-08-02,2019-12-01
AVRO-1897,1.8.1,1.8.2,1.8.2,{1.8.1},2,2016-08-08,2016-11-05
AVRO-1898,1.8.1,1.8.2,1.8.2,{1.8.1},1,2016-08-16,2017-02-18
AVRO-1901,1.7.7,1.8.2,1.8.2,{1.7.7 / 1.8.1 / 1.9.0},1,2016-08-23,2016-09-19
AVRO-1908,1.8.0,1.8.2,1.8.2,{1.8.0},1,2016-09-04,2016-09-08
AVRO-1912,1.8.0,1.8.2,1.8.2,{1.8.0},1,2016-09-09,2017-01-29
AVRO-1914,1.8.0,1.8.2,1.8.2,{1.8.0},1,2016-09-14,2016-09-15
AVRO-1921,1.8.0,1.8.2,1.8.2,{1.8.0},1,2016-09-19,2016-09-19
AVRO-1923,1.8.0,1.8.2,1.8.2,{1.8.0},1,2016-09-22,2016-10-04
AVRO-1929,1.7.7,1.8.2,1.9.0,{1.7.7 / 1.8.0 / 1.8.1 / 1.9.0},1,2016-10-04,2017-08-18
AVRO-1930,1.8.1,1.8.2,1.8.2,{1.8.1},1,2016-10-05,2017-01-29
AVRO-1931,1.7.7,1.8.2,1.9.0,{1.7.7 / 1.8.1},1,2016-10-07,2017-08-18
AVRO-1937,1.8.1,1.8.2,1.8.2,{1.8.1},1,2016-10-21,2017-02-18
AVRO-1943,1.8.1,1.8.2,1.8.2,{1.8.1},1,2016-10-26,2016-10-31
AVRO-1944,1.8.0,1.8.2,1.8.2,{1.8.0},1,2016-10-26,2016-11-01
AVRO-1947,1.8.1,1.8.2,1.8.2,{1.8.1},1,2016-11-03,2016-11-04
AVRO-1954,1.8.1,1.8.2,1.8.2,{1.8.1 / 1.9.0},1,2016-11-07,2017-01-20
AVRO-1957,1.8.1,1.8.2,1.9.0,{1.8.1},1,2016-11-10,2018-01-29
AVRO-1966,1.8.1,1.8.2,1.8.2,{1.8.1},1,2016-11-30,2016-12-01
AVRO-1965,1.8.1,1.8.2,1.11.1,{1.8.1},1,2016-11-30,2022-03-03
AVRO-1967,1.8.0,1.8.2,1.8.2,{1.8.0},1,2016-12-01,2016-12-17
AVRO-1970,1.8.1,1.8.2,1.8.2,{1.8.1},1,2016-12-19,2017-01-10
AVRO-1972,1.8.1,1.8.2,1.8.2,{1.8.1},1,2016-12-22,2017-02-07
AVRO-1985,1.8.1,1.8.2,1.9.0,{1.8.1},1,2017-01-18,2017-06-16
AVRO-1995,1.8.0,1.8.2,1.8.2,{1.8.0},1,2017-01-30,2017-01-31
AVRO-1996,1.8.0,1.8.2,1.8.2,{1.8.0},1,2017-01-30,2017-02-14
AVRO-1994,1.8.0,1.8.2,1.8.2,{1.8.0},1,2017-01-30,2017-02-19
AVRO-1997,1.8.1,1.8.2,1.8.2,{1.8.1 / 1.8.2},1,2017-02-06,2017-02-28
AVRO-2004,1.8.1,1.8.2,1.9.0,{1.8.1},2,2017-03-03,2018-12-10
AVRO-2034,1.8.1,1.8.2,1.9.0,{1.8.1},2,2017-05-11,2018-12-11
AVRO-2035,1.8.1,1.9.0,1.9.0,{1.8.1},4,2017-05-17,2018-02-27
AVRO-2051,1.8.2,1.9.0,1.9.0,{1.8.2},1,2017-07-17,2018-11-07
AVRO-2058,1.8.2,1.9.0,1.9.0,{1.8.2},1,2017-07-27,2018-12-10
AVRO-2063,1.8.2,1.9.0,1.9.0,{1.8.2},2,2017-08-04,2018-12-10
AVRO-2066,1.8.1,1.9.0,1.9.0,{1.8.1},1,2017-08-14,2017-09-01
AVRO-2065,1.8.2,1.9.0,1.9.0,{1.8.2},1,2017-08-14,2018-12-11
AVRO-2072,1.7.7,1.9.0,1.9.0,{1.7.7 / 1.8.1},1,2017-08-30,2017-09-12
AVRO-2080,1.8.2,1.9.0,1.9.0,{1.8.2},1,2017-09-20,2017-12-13
AVRO-2081,1.8.2,1.9.0,1.9.0,{1.8.2},1,2017-09-25,2018-04-01
AVRO-2096,1.8.0,1.9.0,1.10.1,{1.8.0},1,2017-10-16,2020-09-25
AVRO-2118,1.8.1,1.9.0,1.9.0,{1.8.1},5,2017-12-13,2017-12-22
AVRO-2120,1.8.2,1.9.0,1.9.0,{1.8.2},1,2017-12-18,2018-01-02
AVRO-2122,1.8.2,1.9.0,1.9.0,{1.8.2},1,2018-01-03,2018-01-23
AVRO-2131,1.8.1,1.9.0,1.9.0,{1.8.1},1,2018-01-17,2018-11-29
AVRO-2144,1.8.2,1.9.0,1.9.0,{1.8.2},1,2018-02-13,2019-03-28
AVRO-2157,1.8.1,1.9.0,1.9.0,{1.8.1 / 1.8.2},1,2018-03-09,2018-03-14
AVRO-2174,1.8.2,1.9.0,1.10.0,{1.8.2},1,2018-05-04,2020-02-23
AVRO-2181,1.8.2,1.9.0,1.9.0,{1.8.2},1,2018-05-28,2018-11-27
AVRO-2183,1.8.1,1.9.0,1.9.0,{1.8.1},1,2018-05-30,2018-11-10
AVRO-2184,1.8.1,1.9.0,1.9.0,{1.8.1},1,2018-06-01,2018-12-11
AVRO-2186,1.8.2,1.9.0,1.9.0,{1.8.2},1,2018-06-05,2018-10-05
AVRO-2189,1.8.1,1.9.0,1.9.0,{1.8.1},1,2018-06-13,2018-06-15
AVRO-2202,1.8.2,1.9.0,1.9.0,{1.8.2},1,2018-07-26,2019-04-05
AVRO-2207,1.8.2,1.9.0,1.9.0,{1.8.2},1,2018-08-06,2018-11-01
AVRO-2220,1.8.1,1.9.0,1.9.0,{1.8.1},1,2018-09-11,2018-10-02
AVRO-2222,1.8.0,1.9.0,1.9.0,{1.8.0 / 1.8.1 / 1.8.2 / 1.10.0},2,2018-09-12,2018-10-02
AVRO-2226,1.8.2,1.9.0,1.9.2,{1.8.2},1,2018-09-14,2019-11-03
AVRO-2236,1.8.2,1.9.0,1.11.3,{1.8.2},3,2018-10-04,2023-08-01
AVRO-2240,1.8.2,1.9.0,1.9.0,{1.8.2},1,2018-10-08,2018-11-07
AVRO-2244,1.8.1,1.9.0,1.9.0,{1.8.1},1,2018-10-17,2018-11-20
AVRO-2278,1.8.2,1.9.0,1.10.0,{1.8.2 / 1.9.2},1,2018-11-27,2020-05-22
AVRO-2284,1.8.2,1.9.0,1.11.3,{1.8.2},1,2018-12-13,2023-07-24
AVRO-2286,1.8.2,1.9.0,1.9.0,{1.8.2},2,2018-12-19,2018-12-20
AVRO-2298,1.8.2,1.9.0,1.9.1,{1.8.2},1,2019-01-07,2019-06-25
AVRO-2302,1.8.2,1.9.0,1.9.0,{1.8.2},1,2019-01-18,2019-02-07
AVRO-2306,1.8.2,1.9.0,1.9.0,{1.8.2},1,2019-01-23,2019-01-23
AVRO-2382,1.8.2,1.9.0,1.10.1,{1.8.2 / 1.9.1 / 1.10.0},1,2019-04-27,2020-07-09
AVRO-2394,1.8.2,1.9.0,1.9.1,{1.8.2},1,2019-05-11,2019-05-17
AVRO-2400,1.8.2,1.9.1,1.9.1,{1.8.2},1,2019-05-17,2019-06-14
AVRO-2408,1.8.2,1.9.1,1.9.1,{1.8.2},1,2019-05-27,2019-05-28
AVRO-2415,1.9.0,1.9.1,1.9.1,{1.9.0},1,2019-06-06,2019-06-17
AVRO-2432,1.9.0,1.9.1,1.9.2,{1.9.0},1,2019-06-19,2019-10-28
AVRO-2431,1.9.0,1.9.1,1.9.2,{1.9.0},1,2019-06-19,2019-10-28
AVRO-2429,1.9.0,1.9.1,1.9.2,{1.9.0},1,2019-06-19,2019-11-06
AVRO-2433,1.8.2,1.9.1,1.9.1,{1.8.2},1,2019-06-20,2019-06-22
AVRO-2438,1.8.2,1.9.1,1.10.0,{1.8.2 / 1.9.0},1,2019-06-21,2020-05-26
AVRO-2443,1.8.2,1.9.1,1.9.1,{1.8.2},1,2019-06-22,2019-06-24
AVRO-2442,1.9.0,1.9.1,1.9.1,{1.9.0},1,2019-06-22,2019-06-28
AVRO-2444,1.8.2,1.9.1,1.9.1,{1.8.2},1,2019-06-23,2019-06-24
AVRO-2448,1.8.2,1.9.1,1.9.1,{1.8.2},1,2019-06-25,2019-06-26
AVRO-2450,1.9.0,1.9.1,1.9.1,{1.9.0},1,2019-06-25,2019-07-01
AVRO-2465,1.8.2,1.9.1,1.9.1,{1.8.2},1,2019-07-05,2019-08-19
AVRO-2466,1.8.2,1.9.1,1.9.1,{1.8.2},1,2019-07-06,2019-07-23
AVRO-2468,1.8.2,1.9.1,1.9.1,{1.8.2},1,2019-07-07,2019-08-20
AVRO-2471,1.9.0,1.9.1,1.10.2,{1.9.0},2,2019-07-12,2021-03-04
AVRO-2483,1.8.2,1.9.1,1.9.1,{1.8.2},1,2019-07-25,2019-07-25
AVRO-2486,1.8.0,1.9.1,1.10.0,{1.8.0 / 1.8.1 / 1.8.2 / 1.9.0},1,2019-07-26,2020-05-21
AVRO-2489,1.9.0,1.9.1,1.9.1,{1.9.0},1,2019-07-30,2019-07-30
AVRO-2491,1.9.0,1.9.1,1.9.1,{1.9.0},1,2019-07-30,2019-08-20
AVRO-2493,1.9.0,1.9.1,1.10.0,{1.9.0},1,2019-07-31,2020-05-26
AVRO-2499,1.9.0,1.9.1,1.10.0,{1.9.0},1,2019-08-05,2020-05-26
AVRO-2498,1.8.1,1.9.1,1.11.1,{1.8.1},1,2019-08-05,2021-11-16
AVRO-2500,1.9.0,1.9.1,1.9.1,{1.9.0},1,2019-08-06,2019-08-08
AVRO-2503,1.9.0,1.9.1,1.9.2,{1.9.0},1,2019-08-11,2019-10-23
AVRO-2517,1.9.0,1.9.1,1.9.1,{1.9.0},1,2019-08-21,2019-08-23
AVRO-2516,1.8.2,1.9.1,1.9.1,{1.8.2},1,2019-08-21,2019-08-23
AVRO-2522,1.9.0,1.9.1,1.9.2,{1.9.0},2,2019-08-24,2019-10-06
AVRO-2523,1.9.0,1.9.1,1.10.0,{1.9.0},1,2019-08-25,2020-05-21
AVRO-2548,1.9.0,1.9.2,1.9.2,{1.9.0},1,2019-09-05,2019-12-01
AVRO-2554,1.9.1,1.9.2,1.10.0,{1.9.1},1,2019-09-09,2020-05-21
AVRO-2557,1.9.0,1.9.2,1.9.2,{1.9.0},1,2019-09-12,2019-09-29
AVRO-2559,1.9.0,1.9.2,1.9.2,{1.9.0},1,2019-09-12,2019-09-30
AVRO-2558,1.9.1,1.9.2,1.10.0,{1.9.1},1,2019-09-12,2020-05-21
AVRO-2561,1.9.0,1.9.2,1.9.2,{1.9.0},1,2019-09-14,2019-12-03
AVRO-2564,1.9.0,1.9.2,1.9.2,{1.9.0},1,2019-09-17,2019-09-21
AVRO-2566,1.9.0,1.9.2,1.9.2,{1.9.0},1,2019-09-19,2019-09-22
AVRO-2571,1.9.0,1.9.2,1.10.1,{1.9.0},1,2019-09-25,2020-07-23
AVRO-2576,1.9.0,1.9.2,1.9.2,{1.9.0},1,2019-09-29,2019-10-09
AVRO-2577,1.9.0,1.9.2,1.9.2,{1.9.0},1,2019-09-29,2019-10-25
AVRO-2578,1.9.0,1.9.2,1.9.2,{1.9.0},1,2019-09-30,2019-10-27
AVRO-2580,1.9.1,1.9.2,1.9.2,{1.9.1},2,2019-10-06,2019-10-25
AVRO-2579,1.9.1,1.9.2,1.10.0,{1.9.1},1,2019-10-06,2020-05-26
AVRO-2590,1.9.0,1.9.2,1.9.2,{1.9.0},1,2019-10-10,2019-10-18
AVRO-2593,1.9.1,1.9.2,1.9.2,{1.9.1},1,2019-10-12,2019-10-22
AVRO-2592,1.9.1,1.9.2,1.9.2,{1.9.1},1,2019-10-12,2020-01-31
AVRO-2595,1.9.0,1.9.2,1.9.2,{1.9.0},1,2019-10-14,2019-12-01
AVRO-2600,1.9.0,1.9.2,1.9.2,{1.9.0 / 1.9.1},1,2019-10-18,2019-11-04
AVRO-2606,1.9.1,1.9.2,1.9.2,{1.9.1},1,2019-10-27,2019-11-05
AVRO-2608,1.9.1,1.9.2,1.10.0,{1.9.1},2,2019-10-28,2020-05-21
AVRO-2617,1.9.1,1.9.2,1.9.2,{1.9.1},1,2019-11-05,2019-11-17
AVRO-2618,1.9.0,1.9.2,1.9.2,{1.9.0},1,2019-11-05,2019-11-19
AVRO-2620,1.9.0,1.9.2,1.9.2,{1.9.0},3,2019-11-06,2019-11-09
AVRO-2624,1.9.1,1.9.2,1.10.0,{1.9.1},2,2019-11-13,2020-05-22
AVRO-2631,1.9.0,1.9.2,1.9.2,{1.9.0},1,2019-11-16,2019-11-16
AVRO-2633,1.9.1,1.9.2,1.11.0,{1.9.1},1,2019-11-18,2021-10-06
AVRO-2641,1.8.0,1.9.2,1.9.2,{1.8.0},1,2019-11-27,2020-02-04
AVRO-2644,1.9.0,1.9.2,1.9.2,{1.9.0},1,2019-11-30,2019-12-18
AVRO-2645,1.9.1,1.9.2,1.9.2,{1.9.1},1,2019-12-02,2020-01-02
AVRO-2648,1.9.1,1.9.2,1.10.0,{1.9.1},2,2019-12-06,2020-05-21
AVRO-2657,1.9.0,1.9.2,1.9.2,{1.9.0},1,2019-12-16,2019-12-19
AVRO-2663,1.9.1,1.9.2,1.9.2,{1.9.1},1,2019-12-23,2020-01-13
AVRO-2664,1.9.0,1.9.2,1.9.2,{1.9.0},1,2019-12-26,2019-12-27
AVRO-2666,1.9.1,1.9.2,1.11.0,{1.9.1},1,2019-12-27,2021-10-14
AVRO-2668,1.9.1,1.9.2,1.10.0,{1.9.1},1,2019-12-30,2020-05-29
AVRO-2675,1.9.0,1.9.2,1.9.2,{1.9.0},1,2020-01-07,2020-01-14
AVRO-2677,1.9.0,1.9.2,1.9.2,{1.9.0},1,2020-01-08,2020-01-11
AVRO-2702,1.9.1,1.9.2,1.10.1,{1.9.1},2,2020-01-19,2020-11-24
AVRO-2716,1.9.1,1.9.2,1.9.2,{1.9.1},1,2020-01-23,2020-02-11
AVRO-2714,1.9.1,1.9.2,1.10.0,{1.9.1},1,2020-01-23,2020-05-22
AVRO-2720,1.9.0,1.9.2,1.11.0,{1.9.0},1,2020-01-27,2021-07-15
AVRO-2722,1.9.1,1.9.2,1.11.1,{1.9.1},1,2020-01-29,2022-01-05
AVRO-2725,1.9.0,1.9.2,1.9.2,{1.9.0},1,2020-02-04,2020-02-04
AVRO-2726,1.9.0,1.9.2,1.9.2,{1.9.0},2,2020-02-06,2020-02-06
AVRO-2741,1.9.2,1.10.0,1.10.0,{1.9.2 / 1.10.0},1,2020-02-14,2020-02-22
AVRO-2747,1.9.2,1.10.0,1.10.0,{1.9.2},1,2020-02-17,2020-02-19
AVRO-2757,1.9.2,1.10.0,1.10.1,{1.9.2},1,2020-02-21,2020-07-02
AVRO-2761,1.9.2,1.10.0,1.10.0,{1.9.2},1,2020-02-24,2020-02-26
AVRO-2765,1.9.2,1.10.0,1.10.0,{1.9.2},1,2020-03-01,2020-04-22
AVRO-2766,1.9.2,1.10.0,1.10.0,{1.9.2},1,2020-03-02,2020-05-26
AVRO-2771,1.9.0,1.10.0,1.11.3,{1.9.0 / 1.9.1 / 1.9.2},1,2020-03-05,2023-08-16
AVRO-2780,1.9.2,1.10.0,1.10.0,{1.9.2},1,2020-03-24,2020-06-08
AVRO-2791,1.9.1,1.10.0,1.10.0,{1.9.1},1,2020-04-07,2020-04-11
AVRO-2792,1.9.1,1.10.0,1.10.0,{1.9.1},1,2020-04-08,2020-05-22
AVRO-2800,1.9.1,1.10.0,1.10.0,{1.9.1},1,2020-04-13,2020-05-09
AVRO-2807,1.9.1,1.10.0,1.10.0,{1.9.1},1,2020-04-17,2020-04-20
AVRO-2817,1.9.2,1.10.0,1.10.1,{1.9.2},1,2020-04-24,2020-10-14
AVRO-2827,1.9.1,1.10.0,1.10.0,{1.9.1},1,2020-05-09,2020-05-11
AVRO-2828,1.9.1,1.10.0,1.10.0,{1.9.1},1,2020-05-09,2020-05-13
AVRO-2833,1.9.1,1.10.0,1.10.0,{1.9.1},1,2020-05-13,2020-05-13
AVRO-2836,1.9.2,1.10.0,1.10.0,{1.9.2},1,2020-05-15,2020-05-26
AVRO-2837,1.8.2,1.10.0,1.10.0,{1.8.2 / 1.9.2},1,2020-05-15,2020-06-01
AVRO-2844,1.8.2,1.10.0,1.10.0,{1.8.2 / 1.9.2},1,2020-05-23,2020-05-27
AVRO-2845,1.9.1,1.10.0,1.10.0,{1.9.1},1,2020-05-24,2020-05-24
AVRO-2867,1.9.1,1.10.0,1.11.1,{1.9.1},1,2020-06-19,2021-12-22
AVRO-2870,1.9.1,1.10.0,1.11.1,{1.9.1},2,2020-06-24,2022-04-30
AVRO-2875,1.10.0,1.10.1,1.10.1,{1.10.0},1,2020-06-30,2020-11-12
AVRO-2881,1.9.2,1.10.1,1.10.1,{1.9.2},1,2020-07-04,2020-08-19
AVRO-2883,1.9.2,1.10.1,1.11.1,{1.9.2},2,2020-07-07,2022-04-19
AVRO-2885,1.8.2,1.10.1,1.11.3,{1.8.2 / 1.9.2 / 1.10.0},1,2020-07-09,2023-08-17
AVRO-2898,1.10.0,1.10.1,1.10.2,{1.10.0},1,2020-07-19,2021-01-20
AVRO-2903,1.9.2,1.10.1,1.11.0,{1.9.2},1,2020-07-22,2021-10-12
AVRO-2905,1.10.0,1.10.1,1.10.1,{1.10.0},1,2020-07-29,2020-09-30
AVRO-2907,1.10.0,1.10.1,1.10.1,{1.10.0},1,2020-07-30,2020-09-14
AVRO-2908,1.9.2,1.10.1,1.10.1,{1.9.2},1,2020-08-06,2020-08-13
AVRO-2924,1.10.0,1.10.1,1.10.1,{1.10.0},1,2020-08-20,2020-11-12
AVRO-2923,1.10.0,1.10.1,1.11.0,{1.10.0},1,2020-08-20,2021-08-26
AVRO-2925,1.10.0,1.10.1,1.10.1,{1.10.0},1,2020-08-21,2020-09-11
AVRO-2933,1.9.2,1.10.1,1.10.2,{1.9.2 / 1.10.0},1,2020-09-29,2021-03-07
AVRO-2943,1.10.0,1.10.1,1.11.2,{1.10.0},2,2020-10-23,2023-06-14
AVRO-2944,1.9.2,1.10.1,1.10.2,{1.9.2},2,2020-10-24,2021-02-03
AVRO-2983,1.10.0,1.10.1,1.10.2,{1.10.0},1,2020-11-20,2021-01-14
AVRO-2998,1.10.0,1.10.2,1.10.2,{1.10.0},1,2020-12-07,2021-03-05
AVRO-3003,1.10.1,1.10.2,1.11.1,{1.10.1},2,2020-12-18,2022-04-19
AVRO-3014,1.9.0,1.10.2,1.10.2,{1.9.0 / 1.10.0},1,2020-12-30,2021-03-04
AVRO-3044,1.10.1,1.10.2,1.10.2,{1.10.1},1,2021-02-12,2021-03-05
AVRO-3048,1.9.2,1.10.2,1.11.0,{1.9.2 / 1.10.1},1,2021-02-17,2021-05-04
AVRO-3049,1.10.0,1.10.2,1.10.2,{1.10.0},1,2021-02-20,2021-02-24
AVRO-3054,1.10.1,1.10.2,1.11.0,{1.10.1},1,2021-02-23,2021-05-15
AVRO-3075,1.10.1,1.10.2,1.11.0,{1.10.1},2,2021-03-10,2021-09-13
AVRO-3076,1.10.1,1.10.2,1.11.1,{1.10.1},1,2021-03-11,2022-06-17
AVRO-3079,1.10.1,1.11.0,1.11.0,{1.10.1},1,2021-03-17,2021-03-17
AVRO-3087,1.10.2,1.11.0,1.11.0,{1.10.2},1,2021-03-18,2021-03-22
AVRO-3092,1.10.1,1.11.0,1.11.0,{1.10.1},1,2021-03-25,2021-04-01
AVRO-3094,1.9.2,1.11.0,1.11.0,{1.9.2 / 1.10.2},1,2021-03-25,2021-04-06
AVRO-3095,1.10.2,1.11.0,1.11.0,{1.10.2},2,2021-03-25,2021-10-05
AVRO-3104,1.10.2,1.11.0,1.11.0,{1.10.2},1,2021-04-06,2021-05-28
AVRO-3111,1.10.1,1.11.0,1.11.0,{1.10.1 / 1.10.2},1,2021-04-15,2021-04-16
AVRO-3118,1.10.2,1.11.0,1.11.0,{1.10.2},1,2021-04-23,2021-05-28
AVRO-3124,1.10.1,1.11.0,1.11.0,{1.10.1},1,2021-04-29,2021-04-30
AVRO-3129,1.10.2,1.11.0,1.11.2,{1.10.2},1,2021-04-29,2022-09-14
AVRO-3133,1.10.2,1.11.0,1.11.1,{1.10.2},1,2021-05-07,2022-02-05
AVRO-3134,1.10.2,1.11.0,1.11.0,{1.10.2},1,2021-05-08,2021-09-13
AVRO-3159,1.10.2,1.11.0,1.11.1,{1.10.2},1,2021-06-17,2022-06-16
AVRO-3165,1.10.0,1.11.0,1.11.0,{1.10.0 / 1.10.1 / 1.10.2},1,2021-06-30,2021-06-30
AVRO-3171,1.10.1,1.11.0,1.11.0,{1.10.1},2,2021-07-06,2021-09-13
AVRO-3180,1.10.1,1.11.0,1.11.0,{1.10.1},1,2021-07-29,2021-07-31
AVRO-3182,1.10.2,1.11.0,1.11.0,{1.10.2},1,2021-08-04,2021-09-06
AVRO-3186,1.10.2,1.11.0,1.11.0,{1.10.2},1,2021-08-13,2021-10-05
AVRO-3201,1.10.1,1.11.0,1.11.0,{1.10.1},1,2021-09-11,2021-09-13
AVRO-3203,1.10.1,1.11.0,1.11.0,{1.10.1},1,2021-09-12,2021-10-06
AVRO-3212,1.10.2,1.11.0,1.11.0,{1.10.2},1,2021-09-20,2021-09-21
AVRO-3216,1.10.2,1.11.0,1.11.1,{1.10.2},1,2021-09-22,2022-01-05
AVRO-3217,1.10.2,1.11.0,1.11.1,{1.10.2},1,2021-09-24,2021-12-04
AVRO-3218,1.10.2,1.11.0,1.11.1,{1.10.2},1,2021-09-27,2021-12-20
AVRO-3226,1.10.1,1.11.0,1.11.0,{1.10.1},1,2021-10-07,2021-10-20
AVRO-3225,1.10.1,1.11.0,1.11.0,{1.10.1},1,2021-10-07,2021-10-20
AVRO-3229,1.10.2,1.11.0,1.11.1,{1.10.2},2,2021-10-11,2021-12-21
AVRO-3232,1.10.2,1.11.0,1.11.1,{1.10.2},2,2021-10-13,2022-01-07
AVRO-3234,1.10.2,1.11.0,1.11.1,{1.10.2},1,2021-10-15,2022-01-05
AVRO-3240,1.10.2,1.11.0,1.11.1,{1.10.2},3,2021-10-21,2022-01-07
AVRO-3251,1.11.0,1.11.1,1.11.1,{1.11.0},2,2021-11-09,2021-12-22
AVRO-3252,1.10.2,1.11.1,1.11.1,{1.10.2},1,2021-11-15,2021-12-20
AVRO-3256,1.11.0,1.11.1,1.11.1,{1.11.0},2,2021-11-18,2021-12-04
AVRO-3258,1.11.0,1.11.1,1.11.1,{1.11.0},2,2021-11-23,2021-12-09
AVRO-3259,1.10.2,1.11.1,1.11.1,{1.10.2},1,2021-11-25,2022-02-10
AVRO-3263,1.10.2,1.11.1,1.11.1,{1.10.2},1,2021-12-12,2021-12-15
AVRO-3265,1.11.0,1.11.1,1.11.1,{1.11.0},1,2021-12-12,2021-12-22
AVRO-3269,1.10.2,1.11.1,1.11.1,{1.10.2},1,2021-12-13,2021-12-14
AVRO-3268,1.10.2,1.11.1,1.11.1,{1.10.2},1,2021-12-13,2021-12-14
AVRO-3266,1.10.2,1.11.1,1.11.1,{1.10.2},1,2021-12-13,2022-07-01
AVRO-3273,1.11.0,1.11.1,1.11.1,{1.11.0},1,2021-12-23,2022-01-20
AVRO-3316,1.10.2,1.11.1,1.11.1,{1.10.2},1,2022-01-20,2022-01-20
AVRO-3331,1.10.2,1.11.1,1.11.1,{1.10.2},1,2022-01-28,2022-02-02
AVRO-3370,1.10.2,1.11.1,1.11.1,{1.10.2},3,2022-02-04,2022-03-08
AVRO-3371,1.11.0,1.11.1,1.11.1,{1.11.0},1,2022-02-05,2022-02-07
AVRO-3375,1.11.0,1.11.1,1.11.1,{1.11.0},1,2022-02-07,2022-02-18
AVRO-3374,1.11.0,1.11.1,1.11.1,{1.11.0},2,2022-02-07,2022-06-24
AVRO-3380,1.11.0,1.11.1,1.11.1,{1.11.0},1,2022-02-09,2022-02-11
AVRO-3386,1.10.2,1.11.1,1.11.1,{1.10.2},1,2022-02-10,2022-02-11
AVRO-3382,1.11.0,1.11.1,1.11.1,{1.11.0},1,2022-02-10,2022-02-18
AVRO-3410,1.10.2,1.11.1,1.11.1,{1.10.2},1,2022-02-21,2022-02-21
AVRO-3413,1.10.2,1.11.1,1.11.1,{1.10.2},1,2022-02-23,2022-03-17
AVRO-3440,1.11.0,1.11.1,1.11.1,{1.11.0},1,2022-03-08,2022-03-10
AVRO-3442,1.10.2,1.11.1,1.11.1,{1.10.2},1,2022-03-09,2022-03-10
AVRO-3448,1.10.2,1.11.1,1.11.1,{1.10.2},1,2022-03-12,2022-03-18
AVRO-3452,1.10.2,1.11.1,1.11.1,{1.10.2},1,2022-03-17,2022-03-22
AVRO-3460,1.10.2,1.11.1,1.11.1,{1.10.2},2,2022-03-19,2022-03-24
AVRO-3461,1.10.2,1.11.1,1.11.1,{1.10.2},1,2022-03-20,2022-03-20
AVRO-3471,1.10.2,1.11.1,1.11.1,{1.10.2},1,2022-03-24,2022-03-29
AVRO-3468,1.11.0,1.11.1,1.11.1,{1.11.0},1,2022-03-24,2022-03-29
AVRO-3482,1.10.2,1.11.1,1.11.1,{1.10.2},2,2022-04-08,2022-04-27
AVRO-3495,1.10.2,1.11.1,1.11.1,{1.10.2},2,2022-04-18,2022-04-19
AVRO-3511,1.11.0,1.11.1,1.11.1,{1.11.0},1,2022-05-05,2022-05-05
AVRO-3516,1.10.2,1.11.1,1.11.1,{1.10.2},1,2022-05-11,2022-05-11
AVRO-3521,1.10.2,1.11.1,1.11.1,{1.10.2},1,2022-05-17,2022-06-17
AVRO-3529,1.10.2,1.11.1,1.11.1,{1.10.2},1,2022-06-05,2022-06-07
AVRO-3534,1.10.2,1.11.1,1.11.1,{1.10.2},1,2022-06-09,2022-06-09
AVRO-3531,1.11.0,1.11.1,1.11.1,{1.11.0},1,2022-06-09,2022-07-04
AVRO-3536,1.11.0,1.11.1,1.11.2,{1.11.0},1,2022-06-15,2022-11-16
AVRO-3537,1.10.2,1.11.1,1.11.1,{1.10.2},1,2022-06-20,2022-06-21
AVRO-3541,1.10.2,1.11.1,1.11.1,{1.10.2},1,2022-06-21,2022-06-21
AVRO-3549,1.10.2,1.11.1,1.11.1,{1.10.2},1,2022-06-27,2022-06-28
AVRO-3553,1.10.2,1.11.1,1.11.1,{1.10.2},1,2022-06-28,2022-06-29
AVRO-3560,1.11.0,1.11.1,1.11.2,{1.11.0},1,2022-06-30,2023-06-14
AVRO-3564,1.10.2,1.11.1,1.11.1,{1.10.2},1,2022-07-01,2022-07-04
AVRO-3568,1.11.0,1.11.1,1.11.2,{1.11.0},1,2022-07-03,2022-08-30
AVRO-3581,1.11.0,1.11.1,1.11.1,{1.11.0},1,2022-07-18,2022-07-21
AVRO-3585,1.10.2,1.11.1,1.11.1,{1.10.2},1,2022-07-22,2022-07-25
AVRO-3595,1.11.1,1.11.2,1.11.2,{1.11.1},1,2022-08-05,2022-08-09
AVRO-3598,1.11.1,1.11.2,1.11.2,{1.11.1},1,2022-08-08,2022-08-08
AVRO-3597,1.11.1,1.11.2,1.11.2,{1.11.1},1,2022-08-08,2022-09-01
AVRO-3601,1.11.0,1.11.2,1.11.2,{1.11.0},2,2022-08-10,2022-08-11
AVRO-3613,1.11.0,1.11.2,1.11.2,{1.11.0},1,2022-08-22,2022-08-30
AVRO-3612,1.11.1,1.11.2,1.11.3,{1.11.1},1,2022-08-22,2023-08-17
AVRO-3618,1.11.0,1.11.2,1.11.2,{1.11.0},1,2022-08-24,2022-09-14
AVRO-3622,1.11.1,1.11.2,1.11.2,{1.11.1},1,2022-08-29,2022-09-08
AVRO-3625,1.11.1,1.11.2,1.11.2,{1.11.1},1,2022-09-07,2022-09-09
AVRO-3628,1.11.1,1.11.2,1.11.2,{1.11.1},1,2022-09-13,2022-09-14
AVRO-3632,1.11.1,1.11.2,1.11.2,{1.11.1},1,2022-10-07,2022-10-10
AVRO-3642,1.11.0,1.11.2,1.11.2,{1.11.0},1,2022-10-17,2022-10-18
AVRO-3645,1.11.0,1.11.2,1.11.2,{1.11.0},1,2022-10-19,2022-10-19
AVRO-3650,1.11.0,1.11.2,1.11.2,{1.11.0},1,2022-10-19,2022-10-21
AVRO-3657,1.11.0,1.11.2,1.11.2,{1.11.0},1,2022-10-28,2022-11-14
AVRO-3659,1.11.1,1.11.2,1.11.2,{1.11.1},1,2022-10-30,2022-11-04
AVRO-3663,1.11.0,1.11.2,1.11.2,{1.11.0},1,2022-11-07,2022-11-07
AVRO-3662,1.11.0,1.11.2,1.11.2,{1.11.0},1,2022-11-07,2022-11-14
AVRO-3667,1.11.0,1.11.2,1.11.2,{1.11.0},1,2022-11-09,2022-11-14
AVRO-3669,1.11.0,1.11.2,1.11.2,{1.11.0},1,2022-11-10,2022-11-14
AVRO-3674,1.11.0,1.11.2,1.11.2,{1.11.0},2,2022-11-15,2022-11-18
AVRO-3676,1.11.0,1.11.2,1.11.2,{1.11.0},1,2022-11-23,2022-11-23
AVRO-3683,1.11.1,1.11.2,1.11.2,{1.11.1},1,2022-12-02,2023-03-13
AVRO-3688,1.11.0,1.11.2,1.11.2,{1.11.0},1,2022-12-13,2022-12-13
AVRO-3698,1.11.1,1.11.2,1.11.2,{1.11.1},1,2023-01-05,2023-01-10
AVRO-3706,1.11.0,1.11.2,1.11.2,{1.11.0 / 1.11.1},1,2023-01-13,2023-02-08
AVRO-3712,1.11.0,1.11.2,1.11.2,{1.11.0},1,2023-02-05,2023-02-07
AVRO-3713,1.11.0,1.11.2,1.11.2,{1.11.0},1,2023-02-09,2023-02-17
AVRO-3715,1.11.0,1.11.2,1.11.2,{1.11.0},5,2023-02-16,2023-02-19
AVRO-3717,1.11.0,1.11.2,1.11.2,{1.11.0},1,2023-02-18,2023-02-18
AVRO-3718,1.11.0,1.11.2,1.11.2,{1.11.0},1,2023-02-19,2023-02-20
AVRO-3737,1.11.1,1.11.2,1.11.2,{1.11.1 / 1.12.0},1,2023-04-19,2023-06-14
AVRO-3747,1.11.0,1.11.2,1.11.2,{1.11.0},1,2023-04-27,2023-05-11
AVRO-3748,1.11.1,1.11.2,1.12.0,{1.11.1},2,2023-04-27,2024-07-02
AVRO-3749,1.11.1,1.11.2,1.11.3,{1.11.1},1,2023-04-30,2023-08-18
AVRO-3751,1.11.1,1.11.2,1.11.3,{1.11.1},1,2023-05-04,2023-08-17
AVRO-3755,1.11.0,1.11.2,1.11.2,{1.11.0},1,2023-05-05,2023-05-09
AVRO-3756,1.11.0,1.11.2,1.11.2,{1.11.0},1,2023-05-07,2023-06-14
AVRO-3761,1.11.1,1.11.2,1.11.2,{1.11.1},1,2023-05-24,2023-06-16
AVRO-3767,1.11.1,1.11.2,1.11.2,{1.11.1},1,2023-06-01,2023-06-08
AVRO-3772,1.9.0,1.11.2,1.11.2,{1.9.0 / 1.9.1 / 1.9.2 / 1.10.0 / 1.10.1 / 1.10.2 / 1.11.0 / 1.11.1},2,2023-06-08,2023-06-16
AVRO-3773,1.11.1,1.11.2,1.11.2,{1.11.1},1,2023-06-09,2023-06-14
AVRO-3775,1.11.1,1.11.2,1.11.2,{1.11.1},1,2023-06-10,2023-06-16
AVRO-3780,1.11.0,1.11.2,1.11.2,{1.11.0},1,2023-06-13,2023-06-14
AVRO-3782,1.11.0,1.11.2,1.11.2,{1.11.0},1,2023-06-14,2023-06-15
AVRO-3783,1.11.0,1.11.2,1.11.2,{1.11.0},1,2023-06-16,2023-06-16
AVRO-3785,1.11.0,1.11.2,1.11.2,{1.11.0},1,2023-06-23,2023-06-26
AVRO-3787,1.11.1,1.11.2,1.11.3,{1.11.1},1,2023-06-26,2023-07-10
AVRO-3786,1.11.1,1.11.2,1.11.3,{1.11.1},2,2023-06-26,2023-08-23
AVRO-3788,1.11.1,1.11.2,1.12.0,{1.11.1},1,2023-06-30,2023-10-19
AVRO-3789,1.11.2,1.11.3,1.11.3,{1.11.2},1,2023-07-05,2023-07-12
AVRO-3795,1.11.2,1.11.3,1.11.3,{1.11.2},1,2023-07-10,2023-07-14
AVRO-3809,1.11.1,1.11.3,1.11.3,{1.11.1},1,2023-07-21,2023-07-21
AVRO-3814,1.11.1,1.11.3,1.11.3,{1.11.1},1,2023-07-26,2023-08-15
AVRO-3819,1.11.1,1.11.3,1.11.3,{1.11.1},1,2023-07-31,2023-08-19
AVRO-3821,1.11.1,1.11.3,1.11.3,{1.11.1},1,2023-08-02,2023-08-04
AVRO-3855,1.11.1,1.11.3,1.11.3,{1.11.1},2,2023-09-13,2023-09-14
AVRO-3858,1.11.1,1.11.3,1.11.3,{1.11.1},1,2023-09-17,2023-09-19
AVRO-3860,1.11.2,1.11.3,1.12.0,{1.11.2},1,2023-09-19,2024-04-06
AVRO-3866,1.11.2,1.11.3,1.12.0,{1.11.2},1,2023-09-20,2023-09-22
AVRO-3865,1.11.2,1.11.3,1.12.0,{1.11.2},1,2023-09-20,2023-09-22
AVRO-3876,1.11.3,1.12.0,1.12.0,{1.11.3},1,2023-09-28,2023-10-05
AVRO-3881,1.11.2,1.12.0,1.12.0,{1.11.2},1,2023-10-10,2023-10-10
AVRO-3889,1.11.3,1.12.0,1.12.0,{1.11.3 / 1.12.0},1,2023-10-22,2024-01-03
AVRO-3894,1.11.2,1.12.0,1.12.0,{1.11.2},1,2023-10-24,2023-10-25
AVRO-3897,1.11.2,1.12.0,1.12.0,{1.11.2},1,2023-10-29,2023-11-02
AVRO-3898,1.11.3,1.12.0,1.12.0,{1.11.3},1,2023-11-01,2023-11-02
AVRO-3899,1.11.3,1.12.0,1.12.0,{1.11.3},1,2023-11-07,2023-11-07
AVRO-3912,1.11.2,1.12.0,1.12.0,{1.11.2},1,2023-11-28,2023-12-04
AVRO-3925,1.11.2,1.12.0,1.12.0,{1.11.2},2,2024-01-04,2024-01-04
AVRO-3928,1.11.2,1.12.0,1.12.0,{1.11.2},1,2024-01-10,2024-01-11
AVRO-3932,1.11.3,1.12.0,1.12.0,{1.11.3},2,2024-01-29,2024-01-29
AVRO-3955,1.11.3,1.12.0,1.12.0,{1.11.3},1,2024-03-04,2024-03-04
AVRO-3953,1.11.3,1.12.0,1.12.0,{1.11.3},1,2024-03-04,2024-03-06
AVRO-3956,1.11.2,1.12.0,1.12.0,{1.11.2},1,2024-03-07,2024-03-19
AVRO-3957,1.11.2,1.12.0,1.12.0,{1.11.2},1,2024-03-10,2024-03-11
AVRO-3964,1.11.2,1.12.0,1.12.0,{1.11.2},1,2024-03-25,2024-03-25
AVRO-3970,1.11.2,1.12.0,1.12.0,{1.11.2},1,2024-04-04,2024-04-08
